18.45
18.45
18.45
18.45
18.45
18.45
18.46
18.46
18.47
18.47
18.47
18.46
18.49
18.46
18.48
18.471
18.47
18.47
18.46
18.49
18.489
18.482
18.481
18.48
18.49
18.49
18.49
18.488
18.49
18.48
18.5
18.51
18.52
18.57
18.565
18.52
18.5
18.53
18.5
18.5
18.48
18.5
18.496
18.48
18.484
18.48
18.484
18.48
18.5
18.48
18.484
18.54
18.54
18.54
18.5
18.5
18.49
18.55
18.49
18.45
18.48
18.511
18.51
18.55
18.52
18.546
18.52
18.52
18.55
18.5215
18.55
18.544
18.55
18.55
18.55
18.54
18.55
18.54
18.54
18.54
18.54
18.54
18.549
18.55
18.52
18.52
18.531
18.53
18.55
18.55
18.51
18.54
18.51
18.54
18.51
18.52
18.53
18.483
18.48
18.46
18.48
18.48
18.49
18.5
18.46
18.45
18.464
18.46
18.46
18.47
18.47
18.47
18.46
18.49
18.46
18.48
18.471
18.47
18.47
18.46
18.49
18.489
18.482
18.481
18.48
18.49
18.49
18.49
18.488
18.49
18.48
18.5
18.51
18.52
18.57
18.565
18.52
18.5
18.53
18.5
18.5
18.48
18.5
18.496
18.48
18.484
18.48
18.484
18.48
18.44
18.3582
18.43
18.45
18.45
18.47
18.52
18.37
18.49
18.49
18.5
18.5
18.39
18.46
18.39
18.4
18.39
18.392
18.39
18.45
18.39
18.39
18.46
18.45
18.442
18.418
18.42
18.41
18.4
18.4
18.41
18.41
18.41
18.43
18.44
18.44
18.42
18.436
18.42
18.43
18.43
18.44
18.43
18.434
18.43
18.45
18.45
18.45
18.456
18.447
18.456
18.44
18.45
18.45
18.46
18.46
18.47
18.47
18.47
18.46
18.49
18.46
18.48
18.471
18.47
18.47
18.46
18.49
18.489
18.482
18.481
18.48
18.49
18.49
18.49
18.488
18.49
18.48
18.5
18.51
18.52
18.57
18.565
18.52
18.5
18.53
18.5
18.5
18.48
18.5
18.496
18.48
18.484
18.48
18.484
18.48
18.4
18.37
18.38
18.4
18.39
18.42
18.34
18.37
18.35
18.4
18.39
18.35
18.34
18.39
18.36
18.36
18.36
18.33
18.34
18.33
18.34
18.33
18.36
18.34
18.33
18.33
18.32
18.32
18.32
18.32
18.34
18.34
18.32
18.321
18.32
18.32
18.32
18.32
18.33
18.34
18.34
18.332
18.34
18.35
18.348
18.34
18.35
18.35
18.36
18.4545
18.45
18.44
18.33
18.4
18.38
18.38
18.42
18.45
18.3
18.2
18.17
18.18
18.18
18.18
18.15
18.14
18.15
18.12
18.12
18.12
18.12
18.13
18.12
18.13
18.13
18.19
18.19
18.19
18.19
18.166
18.16
18.16
18.19
18.19
18.19
18.17
18.18
18.2
18.2
18.19
18.184
18.2
18.182
18.2
18.2
18.168
18.19
18.19
18.19
18.19
18.19
18.17
18.17
18.17
18.17
18.19
18.19
18.188
18.18
18.17
18.17
18.14
18.16
18.15
18.16
18.151
18.29
18.17
18.17
18.2175
18.227
18.17
18.208
18.17
18.22
18.2175
18.22
18.19
18.209
18.19
18.209
18.209
18.21
18.2
18.21
18.19
18.21
18.21
18.194
18.19
18.21
18.21
18.21
18.2
18.19
18.19
18.21
18.2
18.21
18.209
18.21
18.17
18.17
18.173
18.17
18.17
18.2
18.18
18.18
18.19
18.17
18.19
18.17
18.17
18.18
18.1865
18.18
18.21
18.21
18.21
18.206
18.21
18.3
18.231
18.3
18.3
18.32
18.33
18.338
18.33
18.33
18.34
18.34
18.33
18.29
18.29
18.27
18.24
18.24
18.25
18.249
18.25
18.27
18.268
18.26
18.25
18.26
18.25
18.25
18.25
18.25
18.21
18.21
18.21
18.219
18.21
18.21
18.22
18.2295
18.228
18.23
18.23
18.26
18.23
18.25
18.25
18.25
18.26
18.25
18.23
18.246
18.26
18.28
18.266
18.29
18.28
18.26
18.28
18.27
18.32
18.32
18.294
18.252
18.295
18.25
18.3
18.25
18.27
18.25
18.25
18.29
18.26
18.26
18.26
18.29
18.26
18.29
18.26
18.266
18.26
18.29
18.26
18.15
18.18
18.22
18.22
18.17
18.17
18.22
18.22
18.17
18.23
18.182
18.23
18.18
18.18
18.225
18.23
18.23
18.18
18.23
18.18
18.18
18.22
18.17
18.17
18.1695
18.16
18.16
18.17
18.16
18.16
18.16
18.16
18.16
18.16
18.16
18.18
18.19
18.15
18.19
18.19
18.19
18.16
18.19
18.19
18.15
18.16
18.15
17.93
17.9
17.9
17.93
17.9
17.93
17.9
18
18.02
18
18
18.02
18.03
18.03
18.01
18.02
18
18
18.01
18
17.987
17.98
18.004
18.01
18.002
18
18
18.0005
18.01
18.0095
18.01
18
18
18.002
18.01
18
18.01
18
18
18
18.001
17.92
17.9
17.91
17.92
18.01
17.97
18
17.989
17.917
17.99
17.92
17.95
17.95
17.98
17.85
17.76
17.77
17.76
17.8
17.82
17.826
17.84
17.8
17.82
17.82
17.82
17.82
17.82
17.84
17.82
17.83
17.8
17.8
17.8
17.81
17.79
17.79
17.77
17.771
17.778
17.77
17.77
17.75
17.74
17.71
17.71
17.7
17.72
17.75
17.75
17.72
17.78
17.76
17.81
17.82
17.78
17.786
17.73
17.79
17.77
17.796
17.81
17.77
17.77
17.344
17.28
17.28
17.28
17.31
17.3065
17.34
17.34
17.32
17.32
17.318
17.3
17.31
17.298
17.3
17.281
17.282
17.29
17.2865
17.289
17.28
17.288
17.28
17.25
17.27
17.24
17.25
17.25
17.256
17.28
17.28
17.27
17.27
17.27
17.268
17.27
17.27
17.27
17.25
17.27
17.258
17.25
17.25
17.26
17.2565
17.25
17.26
17.258
17.26
17.25
17.25
17.2505
17.26
17.258
17.26
17.26
17.25
17.252
17.27
17.28
17.27
17.25
17.24
17.25
17.8
17.7
17.7
17.648
17.63
17.62
17.7
17.6685
17.64
17.7
17.7
17.64
17.7
17.73
17.721
17.729
17.72
17.722
17.73
17.75
17.75
17.74
17.74
17.75
17.7465
17.73
17.72
17.72
17.72
17.73
17.72
17.72
17.744
17.72
17.75
17.72
17.75
17.72
17.75
17.726
17.7485
17.76
17.72
17.72
17.76
17.76
17.744
17.726
17.72
17.76
17.77
17.738
17.77
17.77
17.77
17.78
17.726
17.72
17.62
17.548
17.54
17.59
17.61
17.608
17.61
17.6
17.6
17.61
17.61
17.61
17.62
17.62
17.62
17.65
17.65
17.62
17.644
17.65
17.65
17.6485
17.65
17.65
17.65
17.66
17.651
17.66
17.66
17.66
17.66
17.652
17.66
17.652
17.65
17.66
17.66
17.659
17.65
17.66
17.651
17.66
17.66
17.66
17.66
17.65
17.66
17.66
17.65
17.65
17.64
17.64
17.64
17.64
17.65
17.64
17.64
17.65
17.64
17.65
17.64
17.65
17.64
17.65
17.65
17.65
17.64
17.62
17.6
17.66
17.61
17.57
17.59
17.58
17.58
17.58
17.59
17.59
17.58
17.59
17.566
17.62
17.62
17.61
17.58
17.608
17.61
17.61
17.602
17.61
17.59
17.6
17.6
17.61
17.6
17.6
17.6
17.6
17.601
17.61
17.61
17.601
17.601
17.6
17.61
17.61
17.6
17.6
17.61
17.62
17.63
17.63
17.66
17.65
17.67