8.015
7.99
7.9599
7.94
7.95
7.9251
7.97
7.955
7.9493
7.94
7.96
7.9101
7.9299
7.9252
7.9201
7.9
7.87
7.871
7.8599
7.86
7.8349
7.825
7.845
7.8401
7.83
7.8
7.775
7.795
7.811
7.8375
7.8399
7.8424
7.8351
7.8275
7.821
7.8275
7.8199
7.81
7.8175
7.7975
7.7675
7.7599
7.765
7.77
7.79
7.7951
7.77
7.7699
7.7648
7.767
7.79
7.78
7.77
7.79
7.788
7.77
7.7799
7.781
7.77
7.77
7.7701
7.79
7.78
7.784
7.77
7.77
7.77
7.775
7.775
7.79
7.78
7.77
7.765
7.78
7.7875
7.8
7.8
7.8
8.015
8.0199
7.9699
7.94
7.9597
7.95
7.955
7.965
7.991
7.992
7.9899
7.975
7.975
7.9601
7.98
7.98
7.98
7.9851
7.985
7.99
7.965
7.96
7.945
7.9501
7.9575
7.955
7.93
7.9251
7.9218
7.935
7.945
7.95
7.935
7.935
7.935
7.925
7.92
7.91
7.905
7.9099
7.9085
7.9
7.9
7.924
7.935
7.928
7.935
7.945
7.945
7.94
7.94
7.945
7.945
7.9299
7.93
7.92
7.9099
7.92
7.9299
7.92
7.92
7.92
7.91
7.92
7.94
7.93
7.92
7.92
7.93
7.925
7.92
7.91
7.9
7.915
7.925
7.925
7.9299
7.93
7.98
7.96
7.9301
7.92
7.93
7.96
7.92
7.9449
7.955
7.9475
7.925
7.921
7.925
7.93
7.93
7.955
7.945
7.95
7.96
7.95
7.9401
7.95
7.95
7.955
7.9475
7.955
7.955
7.94
7.94
7.9402
7.935
7.935
7.9301
7.935
7.92
7.9201
7.92
7.93
7.9249
7.91
7.91
7.91
7.915
7.915
7.915
7.912
7.915
7.9101
7.915
7.915
7.925
7.925
7.93
7.93
7.9101
7.92
7.92
7.925
7.92
7.925
7.925
7.93
7.95
7.94
7.945
7.95
7.95
7.9301
7.925
7.932
7.94
7.9321
7.9493
7.945
7.945
7.945
7.949
7.95
8
8
7.97
7.99
7.985
7.995
7.995
8
8
7.995
8
7.995
8.009
8.03
8.035
8.03
8.0369
8.045
8.035
8.03
8.03
8.035
8.0449
8.0599
8.065
8.071
8.13
8.155
8.14
8.12
8.138
8.135
8.1651
8.165
8.1699
8.155
8.1699
8.169
8.14
8.1401
8.125
8.1012
8.105
8.11
8.12
8.115
8.125
8.1
8.07
8.07
8.075
8.0412
8.0401
8.035
8.05
8.03
8
8.01
8.01
8.026
8.02
8.02
8.04
8.06
8.04
8.035
8.05
8.04
8.045
8.06
8.075
8.07
8.0835
8.089
8.092
8.0901
8.085
8.09
8.0699
8.075
8.1
8.085
8.075
8.09
8.06
8.035
8.055
8.035
8.015
8.015
8.025
8.03
8.06
8.05
8.03
8.025
8.025
8.035
8.015
8.03
8.015
8.012
8.015
8.029
8.02
8.015
8.015
8
8.0201
8.08
8.0601
8.075
8.05
8.055
8.04
8.02
8.015
8.0101
8.015
8.01
8.01
8.015
8.025
8.02
8.02
8.02
8.03
8.031
8.02
8.0435
8.045
8.03
8.03
8.0512
8.052
8.05
8.045
8.04
8.04
8.06
8.04
8.05
8.0549
8.055
8.05
8.05
8.05
8.07
8.065
8.085
8.1
8.1
8.0999
8.11
8.085
8.095
8.08
8.09
8.08
8.1
8.07
8.08
8.07
8.06
8.0626
8.0748
8.09
8.085
8.07
8.07
8.07
8.07
8.0698
8.055
8.065
8.06
8.068
8.07
8.06
8.03
8.04
8.045
8.0482
8.03
8.03
8.03
8.03
8.03
8.03
8.04
8.045
8.035
8.04
8.035
8.05
8.0399
8.03
8.03
8.04
8.04
8.03
8.03
8.0399
8.03
8.03
8.03
8.03
8.03
8.02
8.0101
8.015
8.015
8.015
8.02
8.02
8.03
8.02
8.02
8
8.01
8.02
8.02
8.015
8
8.015
8.02
8.03
7.995
7.9801
7.961
7.97
7.95
7.94
7.94
8.05
8.045
8.045
8.065
8.06
8.055
8.035
8.04
8.035
8.04
8.04
8.04
8.045
8.05
8.05
8.059
8.04
8.031
8.04
8.04
8.045
8.0499
8.05
8.0597
8.07
8.07
8.05
8.0515
8.045
8.05
8.045
8.045
8.045
8.035
8.035
8.025
8.0201
8.025
8.03
8.019
8.02
8.01
8.01
8.015
8.02
7.99
7.995
7.99
7.9801
7.98
7.98
7.98
7.98
7.975
7.96
7.96
7.965
7.96
7.9899
8.01
8.005
8.019
8.02
8.02
8.0215
8.011
8.005
8.01
8.015
8.015
8.015
8.02
8.02
8.0101
8.015
8.015
8.011
8.01
8.01
8.1
8.1055
8.1049
8.1001
8.11
8.1
8.1
8.105
8.11
8.109
8.098
8.115
8.115
8.12
8.11
8.1
8.09
8.1
8.095
8.1
8.11
8.115
8.12
8.09
8.065
8.09
8.08
8.0901
8.09
8.08
8.0836
8.08
8.065
8.0658
8.08
8.09
8.06
8.065
8.07
8.06
8.07
8.06
8.06
8.01
8.008
8
7.99
7.99
7.99
7.99
7.995
7.97
7.9699
7.9401
7.97
7.98
7.97
7.9999
8.0201
8.01
8.004
7.9799
7.98
7.97
7.96
7.96
7.96
7.97
7.9715
7.96
7.96
7.96
7.98
7.971
7.9845
7.985
7.99
7.99
7.9989
8
8
7.99
7.995
8
8.005
8.0049
8.005
8
8
8.01
8.005
7.995
7.995
7.995
7.995
7.995
7.99
8
7.985
7.99
8
7.995
7.9901
7.995
7.995
7.9901
8
8
8
7.999
8
7.99
7.985
7.985
7.97
7.97
7.99
7.99
7.98
7.97
7.97
7.77
7.78
7.759
7.7299
7.735
7.735
7.74
7.78
7.7501
7.73
7.71
7.7
7.7251
7.745
7.74
7.74
7.735
7.7301
7.7399
7.76
7.76
7.74
7.75
7.75
7.745
7.735
7.73
7.7199
7.7067
7.695
7.71
7.7101
7.72
7.72
7.72
7.7199
7.719
7.73
7.739
7.7518
7.75
7.74
7.755
7.76
7.77
7.77
7.765
7.76
7.765
7.78
7.7701
7.77
7.7759
7.779
7.775
7.765
7.78
7.78
7.79
7.7943
7.785
7.785
7.78
7.78
7.785
7.79
7.785
7.78
7.77
7.775
7.78
7.78
7.7949
7.795
7.795
7.8
7.795
7.81
7.71
7.735
7.71
7.72
7.7101
7.73
7.775
7.775
7.775
7.77
7.775
7.8
7.815
7.795
7.81
7.8156
7.82
7.8299
7.84
7.85
7.85
7.855
7.84
7.83
7.84
7.85
7.83
7.84
7.85
7.85
7.85
7.8201
7.82
7.82
7.825
7.82
7.825
7.82
7.83
7.83
7.8208
7.825
7.835
7.828
7.825
7.82
7.805
7.7998
7.8099
7.82
7.815
7.815
7.8294
7.83
7.8349
7.83
7.85
7.85
7.85
7.85
7.85
7.88
7.885
7.89
7.89
7.89
7.87
7.89
7.891
7.9
7.895
7.9
7.91
7.91
7.91
7.9
7.9
7.9
7.91
7.9
7.88
7.859
7.8797
7.859
7.865
7.87
7.843
7.8401
7.825
7.8201
7.83
7.84
7.8362
7.83
7.84
7.837
7.83
7.81
7.791
7.795
7.781
7.785
7.8001
7.78
7.791
7.78
7.78
7.785
7.81
7.8
7.81
7.8
7.81
7.8
7.815
7.811
7.82
7.815
7.815
7.83
7.825
7.825
7.825
7.8201
7.81
7.7975
7.8049
7.8
7.805
7.805
7.81
7.815
7.815
7.8
7.78
7.7801
7.785
7.7782
7.78
7.775
7.77
7.778
7.75
7.74
7.7449
7.745
7.75
7.74
7.745
7.74
7.75
7.75
7.74
7.74
7.745
7.745
7.855
7.84
7.85
7.865
7.885
7.865
7.85
7.865
7.865
7.86
7.865
7.875
7.875
7.8701
7.89
7.9
7.9038
7.9099
7.909
7.9099
7.905
7.9001
7.905
7.92
7.925
7.915
7.93
7.94
7.9251
7.93
7.9235
7.909
7.91
7.91
7.92
7.92
7.915
7.922
7.9208
7.93
7.93
7.94
7.935
7.9351
7.96
7.9649
7.9501
7.95
7.9401
7.9502
7.97
7.9504
7.958
7.9301
7.94
7.935
7.92
7.91
7.9251
7.9251
7.9275
7.9375
7.94
7.94
7.935
7.94
7.925
7.925
7.93
7.91
7.9
7.88
7.885
7.8885
7.86
7.86
7.88
7.87
8.05
8.05
8.06
8.065
8.09
8.111
8.1
8.0999
8.108
8.1
8.11
8.11
8.11
8.12
8.115
8.08
8.085
8.0899
8.0585
8.0699
8.055
8.06
8.07
8.07
8.06
8.0515
8.05
8.06
8.0503
8.06
8.055
8.05
8.045
8.04
8.01
8.01
7.97
7.995
8
7.985
7.995
7.99
7.995
7.9801
7.982
7.98
7.981
7.9899
7.99
8
7.995
7.995
7.995
7.99
7.9882
7.9854
7.985
7.985
7.97
7.975
7.991
7.995
8
7.9999
8
8
8
8.005
7.9901
8.01
8
8.01
8.0198
8.011
8.02
8.025
8.025
8.01
7.87
7.86
7.86
7.87
7.88
7.865
7.9
7.895
7.865
7.86
7.892
7.875
7.885
7.896
7.8799
7.88
7.93
7.904
7.915
7.91
7.93
7.94
7.93
7.925
7.91
7.9399
7.92
7.925
7.925
7.93
7.92
7.905
7.92
7.93
7.91
7.915
7.915
7.9002
7.9
7.918
7.905
7.9099
7.9
7.9
7.89
7.8999
7.895
7.885
7.88
7.873
7.875
7.885
7.87
7.885
7.88
7.89
7.885
7.895
7.89
7.898
7.89
7.892
7.891
7.89
7.9
7.92
7.92
7.9
7.92
7.91
7.918
7.915
7.93
7.93
7.92
7.92
7.92
7.925